from   to     subtype     flags1  flags2  note
100    19999  Data        000E    0024    
19999  100    Ack         000E    0001    
19999  100    Data        0008    0008    
100    19999  Ack         0008    0001    
100    19999  Data        000F    0070    
19999  100    Ack         000F    0001    
19999  100    Data        0009    0008    
19999  100    Data        000A    0012    
100    19999  Ack         0009    0001    
100    19999  Ack         000A    0002    
100    19999  Data        0010    0008    
100    19999  Data        0011    0064    
19999  100    Ack         0010    0001    
19999  100    Ack         0011    0001    
19999  100    Data        000B    0008    
19999  100    Data        000C    0062    
100    19999  Ack         000B    0001    
100    19999  Ack         000C    0002    
100    19999  Data        0012    0008    
100    19999  Data        0013    0020    
19999  100    Ack         0012    0001    
19999  100    Ack         0013    0001    
19999  100    Data        000D    0008    
19999  100    Data        000E    0046    
100    19999  Ack         000D    0001    
100    19999  Ack         000E    0002    
100    19999  Data        0014    0008    
19999  100    Ack         0014    0001    
100    19999  Data        0015    0020    
19999  100    Ack         0015    0001    
19999  100    Data        000F    0008    
19999  100    Data        0010    0028    
100    19999  Ack         000F    0001    
100    19999  Ack         0010    0002    
100    19999  Data        0016    0008    
19999  100    Ack         0016    0001    
100    19999  Data        0017    0064    
19999  100    Ack         0017    0001    
19999  100    Data        0011    0008    
19999  100    Data        0012    0062    
100    19999  Ack         0011    0001    
100    19999  Ack         0012    0002    
100    19999  Data        0018    0008    
19999  100    Ack         0018    0001    
100    19999  Data        0019    0064    
19999  100    Ack         0019    0001    
19999  100    Data        0013    0008    
19999  100    Data        0014    0062    
100    19999  Ack         0013    0001    
100    19999  Ack         0014    0002    
100    19999  Data        001A    0008    
19999  100    Ack         001A    0001    
100    19999  Data        001B    0064    
19999  100    Ack         001B    0001    
19999  100    Data        0015    0008    
19999  100    Data        0016    0062    
100    19999  Ack         0015    0001    
100    19999  Ack         0016    0002    
100    19999  Data        001C    0008    
19999  100    Ack         001C    0001    
100    19999  Data        001D    0064    
19999  100    Ack         001D    0001    
19999  100    Data        0017    0008    
19999  100    Data        0018    0062    
100    19999  Ack         0017    0001    
100    19999  Ack         0018    0002    
100    19999  Data        001E    0008    
19999  100    Ack         001E    0001    
100    19999  Data        001F    0064    
19999  100    Ack         001F    0001    
19999  100    Data        0019    0008    
19999  100    Data        001A    0062    
100    19999  Ack         0019    0001    
100    19999  Ack         001A    0002    
100    19999  Data        0020    0008    
19999  100    Ack         0020    0001    
100    19999  Data        0021    0064    
19999  100    Ack         0021    0001    
19999  100    Data        001B    0008    
19999  100    Data        001C    0018    
100    19999  Ack         001B    0001    
100    19999  Ack         001C    0002    
100    19999  Data        0022    0008    
19999  100    Ack         0022    0001    
100    19999  Data        0023    0012    
19999  100    Ack         0023    0001    
19999  100    Data        001D    0008    
19999  100    Data        001E    0012    
100    19999  Ack         001D    0001    
100    19999  Ack         001E    0002    
100    19999  Data        0024    0008    
100    19999  Data        0025    000A    
19999  100    Ack         0024    0001    
19999  100    Ack         0025    0001    
19999  100    Data        001F    0008    
100    19999  NetErr      001F    FFED    step +65530 from 0025   <-- NOT +1
100    102    Data        0410    0022      [this sender last used 001F to ANY peer]
102    100    Ack         0410    0001    
102    100    Data        0410    0008    
100    102    Ack         0410    0001    
100    102    Data        0411    0070    
102    100    Ack         0411    0001    
102    100    Data        0411    0008    
100    102    Ack         0411    0001    
102    100    Data        0412    0012    
100    102    Ack         0412    0001    
100    102    Data        0412    0008    
100    102    Data        0413    0064    
102    100    Ack         0412    0001    
102    100    Ack         0413    0002    
102    100    Data        0413    0008    
100    102    Ack         0413    0001    
102    100    Data        0414    0062    
100    102    Ack         0414    0001    
100    102    Data        0414    0008    
102    100    Ack         0414    0001    
100    102    Data        0415    0020    
102    100    Ack         0415    0002    
102    100    Data        0415    0008    
100    102    Ack         0415    0001    
102    100    Data        0416    0046    
100    102    Ack         0416    0001    
100    102    Data        0416    0008    
102    100    Ack         0416    0001    
100    102    Data        0417    0020    
102    100    Ack         0417    0001    
102    100    Data        0417    0008    
100    102    Ack         0417    0001    
102    100    Data        0418    0028    
100    102    Ack         0418    0001    
100    102    Data        0418    0008    
102    100    Ack         0418    0001    
100    102    Data        0419    0064    
102    100    Ack         0419    0001    
102    100    Data        0419    0008    
100    102    Ack         0419    0001    
102    100    Data        041A    0062    
100    102    Ack         041A    0001    
100    102    Data        041A    0008    
102    100    Ack         041A    0001    
100    102    Data        041B    0064    
102    100    Ack         041B    0001    
102    100    Data        041B    0008    
100    102    Ack         041B    0001    
102    100    Data        041C    0062    
100    102    Ack         041C    0001    
100    102    Data        041C    0008    
102    100    Ack         041C    0001    
100    102    Data        041D    0064    
102    100    Ack         041D    0001    
102    100    Data        041D    0008    
100    102    Ack         041D    0001    
102    100    Data        041E    0062    
100    102    Ack         041E    0001    
100    102    Data        041E    0008    
102    100    Ack         041E    0001    
100    102    Data        041F    0064    
102    100    Ack         041F    0001    
102    100    Data        041F    0008    
100    102    Ack         041F    0001    
102    100    Data        0420    0062    
100    102    Ack         0420    0001    
100    102    Data        0420    0008    
102    100    Ack         0420    0001    
100    102    Data        0421    0064    
102    100    Ack         0421    0001    
102    100    Data        0421    0008    
100    102    Ack         0421    0001    
102    100    Data        0422    0062    
100    102    Ack         0422    0001    
100    102    Data        0422    0008    
102    100    Ack         0422    0001    
100    102    Data        0423    0064    
102    100    Ack         0423    0001    
102    100    Data        0423    0008    
100    102    Ack         0423    0001    
102    100    Data        0424    0062    
100    102    Ack         0424    0001    
100    102    Data        0424    0008    
102    100    Ack         0424    0001    
100    102    Data        0425    0064    
102    100    Ack         0425    0001    
102    100    Data        0425    0008    
100    102    Ack         0425    0001    
102    100    Data        0426    0062    
100    102    Ack         0426    0001    
100    102    Data        0426    0008    
102    100    Ack         0426    0001    
100    102    Data        0427    0064    
102    100    Ack         0427    0001    
102    100    Data        0427    0008    
100    102    Ack         0427    0001    
102    100    Data        0428    0062    
100    102    Ack         0428    0001    
100    102    Data        0428    0008    
102    100    Ack         0428    0001    
100    102    Data        0429    0064    
102    100    Ack         0429    0001    
102    100    Data        0429    0008    
100    102    Ack         0429    0001    
102    100    Data        042A    0062    
100    102    Ack         042A    0001    
100    102    Data        042A    0008    
102    100    Ack         042A    0001    
100    102    Data        042B    0064    
102    100    Ack         042B    0001    
102    100    Data        042B    0008    
100    102    Ack         042B    0001    
102    100    Data        042C    0062    
100    102    Ack         042C    0001    
100    102    Data        042C    0008    
102    100    Ack         042C    0001    
100    102    Data        042D    0064    
102    100    Ack         042D    0001    
102    100    Data        042D    0008    
100    102    Ack         042D    0001    
102    100    Data        042E    0062    
100    102    Ack         042E    0001    
100    102    Data        042E    0008    
102    100    Ack         042E    0001    
100    102    Data        042F    0064    
102    100    Ack         042F    0001    
102    100    Data        042F    0008    
100    102    Ack         042F    0001    
102    100    Data        0430    0062    
100    102    Ack         0430    0001    
100    102    Data        0430    0008    
102    100    Ack         0430    0001    
100    102    Data        0431    0064    
102    100    Ack         0431    0001    
102    100    Data        0431    0008    
100    102    Ack         0431    0001    
102    100    Data        0432    0062    
100    102    Ack         0432    0001    
100    102    Data        0432    0008    
102    100    Ack         0432    0001    
100    102    Data        0433    0064    
102    100    Ack         0433    0001    
102    100    Data        0433    0008    
100    102    Ack         0433    0001    
102    100    Data        0434    0062    
100    102    Ack         0434    0001    
100    102    Data        0434    0008    
102    100    Ack         0434    0001    
100    102    Data        0435    0064    
102    100    Ack         0435    0001    
102    100    Data        0435    0008    
100    102    Ack         0435    0001    
102    100    Data        0436    0062    
100    102    Ack         0436    0001    
100    102    Data        0436    0008    
102    100    Ack         0436    0001    
100    102    Data        0437    0064    
102    100    Ack         0437    0001    
102    100    Data        0437    0008    
100    102    Ack         0437    0001    
102    100    Data        0438    0062    
100    102    Ack         0438    0001    
100    102    Data        0438    0008    
102    100    Ack         0438    0001    
100    102    Data        0439    0064    
102    100    Ack         0439    0001    
102    100    Data        0439    0008    
100    102    Ack         0439    0001    
102    100    Data        043A    0062    
100    102    Ack         043A    0001    
100    102    Data        043A    0008    
102    100    Ack         043A    0001    
100    102    Data        043B    0064    
102    100    Ack         043B    0001    
102    100    Data        043B    0008    
100    102    Ack         043B    0001    
102    100    Data        043C    0062    
100    102    Ack         043C    0001    
100    102    Data        043C    0008    
102    100    Ack         043C    0001    
100    102    Data        043D    0064    
102    100    Ack         043D    0001    
102    100    Data        043D    0008    
100    102    Ack         043D    0001    
102    100    Data        043E    0062    
100    102    Ack         043E    0001    
100    102    Data        043E    0008    
102    100    Ack         043E    0001    
100    102    Data        043F    0064    
102    100    Ack         043F    0001    
102    100    Data        043F    0008    
100    102    Ack         043F    0001    
102    100    Data        0440    0062    
100    102    Ack         0440    0001    
100    102    Data        0440    0008    
102    100    Ack         0440    0001    
100    102    Data        0441    0064    
102    100    Ack         0441    0001    
102    100    Data        0441    0008    
100    102    Ack         0441    0001    
102    100    Data        0442    0062    
100    102    Ack         0442    0001    
100    102    Data        0442    0008    
102    100    Ack         0442    0001    
100    102    Data        0443    0064    
102    100    Ack         0443    0001    
102    100    Data        0443    0008    
100    102    Ack         0443    0001    
102    100    Data        0444    0062    
100    102    Ack         0444    0001    
100    102    Data        0444    0008    
102    100    Ack         0444    0001    
100    102    Data        0445    0064    
102    100    Ack         0445    0001    
102    100    Data        0445    0008    
100    102    Ack         0445    0001    
102    100    Data        0446    0062    
100    102    Ack         0446    0001    
100    102    Data        0446    0008    
102    100    Ack         0446    0001    
100    102    Data        0447    0064    
102    100    Ack         0447    0001    
102    100    Data        0447    0008    
100    102    Ack         0447    0001    
102    100    Data        0448    0062    
100    102    Ack         0448    0001    
100    102    Data        0448    0008    
102    100    Ack         0448    0001    
100    102    Data        0449    0064    
102    100    Ack         0449    0001    
102    100    Data        0449    0008    
100    102    Ack         0449    0001    
102    100    Data        044A    0062    
100    102    Ack         044A    0001    
100    102    Data        044A    0008    
102    100    Ack         044A    0001    
100    102    Data        044B    0064    
102    100    Ack         044B    0001    
102    100    Data        044B    0008    
100    102    Ack         044B    0001    
102    100    Data        044C    0062    
100    102    Ack         044C    0001    
100    102    Data        044C    0008    
102    100    Ack         044C    0001    
100    102    Data        044D    0064    
102    100    Ack         044D    0001    
102    100    Data        044D    0008    
100    102    Ack         044D    0001    
102    100    Data        044E    0062    
100    102    Ack         044E    0001    
100    102    Data        044E    0008    
102    100    Ack         044E    0001    
100    102    Data        044F    0064    
102    100    Ack         044F    0001    
102    100    Data        044F    0008    
100    102    Ack         044F    0001    
102    100    Data        0450    0062    
100    102    Ack         0450    0001    
100    102    Data        0450    0008    
102    100    Ack         0450    0001    
100    102    Data        0451    0064    
102    100    Ack         0451    0001    
102    100    Data        0451    0008    
100    102    Ack         0451    0001    
102    100    Data        0452    0062    
100    102    Ack         0452    0001    
100    102    Data        0452    0008    
102    100    Ack         0452    0001    
100    102    Data        0453    0064    
102    100    Ack         0453    0001    
102    100    Data        0453    0008    
100    102    Ack         0453    0001    
102    100    Data        0454    0062    
100    102    Ack         0454    0001    
100    102    Data        0454    0008    
102    100    Ack         0454    0001    
100    102    Data        0455    0064    
102    100    Ack         0455    0001    
102    100    Data        0455    0008    
100    102    Ack         0455    0001    
102    100    Data        0456    0062    
100    102    Ack         0456    0001    
100    102    Data        0456    0008    
102    100    Ack         0456    0001    
100    102    Data        0457    0064    
102    100    Ack         0457    0001    
102    100    Data        0457    0008    
100    102    Ack         0457    0001    
102    100    Data        0458    0062    
100    102    Ack         0458    0001    
100    102    Data        0458    0008    
102    100    Ack         0458    0001    
100    102    Data        0459    0064    
102    100    Ack         0459    0001    
102    100    Data        0459    0008    
100    102    Ack         0459    0001    
102    100    Data        045A    0062    
100    102    Ack         045A    0001    
100    102    Data        045A    0008    
102    100    Ack         045A    0001    
100    102    Data        045B    0064    
102    100    Ack         045B    0001    
102    100    Data        045B    0008    
100    102    Ack         045B    0001    
102    100    Data        045C    0062    
100    102    Ack         045C    0001    
100    102    Data        045C    0008    
102    100    Ack         045C    0001    
100    102    Data        045D    0064    
102    100    Ack         045D    0001    
102    100    Data        045D    0008    
100    102    Ack         045D    0001    
102    100    Data        045E    0062    
100    102    Ack         045E    0001    
100    102    Data        045E    0008    
102    100    Ack         045E    0001    
100    102    Data        045F    0064    
102    100    Ack         045F    0001    
102    100    Data        045F    0008    
100    102    Ack         045F    0001    
102    100    Data        0460    0062    
100    102    Ack         0460    0001    
100    102    Data        0460    0008    
102    100    Ack         0460    0001    
100    102    Data        0461    0064    
102    100    Ack         0461    0001    
102    100    Data        0461    0008    
100    102    Ack         0461    0001    
102    100    Data        0462    0062    
100    102    Ack         0462    0001    
100    102    Data        0462    0008    
102    100    Ack         0462    0001    
100    102    Data        0463    0064    
102    100    Ack         0463    0001    
102    100    Data        0463    0008    
100    102    Ack         0463    0001    
102    100    Data        0464    0062    
100    102    Ack         0464    0001    
100    102    Data        0464    0008    
102    100    Ack         0464    0001    
100    102    Data        0465    0064    
102    100    Ack         0465    0001    
102    100    Data        0465    0008    
100    102    Ack         0465    0001    
102    100    Data        0466    0062    
100    102    Ack         0466    0001    
100    102    Data        0466    0008    
102    100    Ack         0466    0001    
100    102    Data        0467    0064    
102    100    Ack         0467    0001    
102    100    Data        0467    0008    
100    102    Ack         0467    0001    
102    100    Data        0468    0062    
100    102    Ack         0468    0001    
100    102    Data        0468    0008    
102    100    Ack         0468    0001    
100    102    Data        0469    0064    
102    100    Ack         0469    0001    
102    100    Data        0469    0008    
100    102    Ack         0469    0001    
102    100    Data        046A    0062    
100    102    Ack         046A    0001    
100    102    Data        046A    0008    
102    100    Ack         046A    0001    
100    102    Data        046B    0064    
102    100    Ack         046B    0001    
102    100    Data        046B    0008    
100    102    Ack         046B    0001    
102    100    Data        046C    0062    
100    102    Ack         046C    0001    
100    102    Data        046C    0008    
102    100    Ack         046C    0001    
100    102    Data        046D    0064    
102    100    Ack         046D    0001    
102    100    Data        046D    0008    
100    102    Ack         046D    0001    
102    100    Data        046E    0062    
100    102    Ack         046E    0001    
100    102    Data        046E    0008    
102    100    Ack         046E    0001    
100    102    Data        046F    0064    
102    100    Ack         046F    0001    
102    100    Data        046F    0008    
100    102    Ack         046F    0001    
102    100    Data        0470    0062    
100    102    Ack         0470    0001    
100    102    Data        0470    0008    
102    100    Ack         0470    0001    
100    102    Data        0471    0064    
102    100    Ack         0471    0001    
102    100    Data        0471    0008    
100    102    Ack         0471    0001    
102    100    Data        0472    0062    
100    102    Ack         0472    0001    
100    102    Data        0472    0008    
102    100    Ack         0472    0001    
100    102    Data        0473    0064    
102    100    Ack         0473    0001    
102    100    Data        0473    0008    
100    102    Ack         0473    0001    
102    100    Data        0474    0062    
100    102    Ack         0474    0001    
100    102    Data        0474    0008    
102    100    Ack         0474    0001    
100    102    Data        0475    0064    
102    100    Ack         0475    0001    
102    100    Data        0475    0008    
100    102    Ack         0475    0001    
102    100    Data        0476    0062    
100    102    Ack         0476    0001    
100    102    Data        0476    0008    
102    100    Ack         0476    0001    
100    102    Data        0477    0064    
102    100    Ack         0477    0001    
102    100    Data        0477    0008    
100    102    Ack         0477    0001    
102    100    Data        0478    0062    
100    102    Ack         0478    0001    
100    102    Data        0478    0008    
102    100    Ack         0478    0001    
100    102    Data        0479    0064    
102    100    Ack         0479    0001    
102    100    Data        0479    0008    
100    102    Ack         0479    0001    
102    100    Data        047A    0062    
100    102    Ack         047A    0001    
100    102    Data        047A    0008    
102    100    Ack         047A    0001    
100    102    Data        047B    0064    
102    100    Ack         047B    0001    
102    100    Data        047B    0008    
100    102    Ack         047B    0001    
102    100    Data        047C    0062    
100    102    Ack         047C    0001    
100    102    Data        047C    0008    
102    100    Ack         047C    0001    
100    102    Data        047D    0064    
102    100    Ack         047D    0001    
102    100    Data        047D    0008    
100    102    Ack         047D    0001    
102    100    Data        047E    0062    
100    102    Ack         047E    0001    
100    102    Data        047E    0008    
102    100    Ack         047E    0001    
100    102    Data        047F    0064    
102    100    Ack         047F    0001    
102    100    Data        047F    0008    
102    100    Data        0480    0062    
100    102    Ack         047F    0001    
100    102    Ack         0480    0001    
100    102    Data        0480    0008    
102    100    Ack         0480    0001    
100    102    Data        0481    0064    
102    100    Ack         0481    0001    
102    100    Data        0481    0008    
100    102    Ack         0481    0001    
102    100    Data        0482    0062    
100    102    Ack         0482    0001    
100    102    Data        0482    0008    
102    100    Ack         0482    0001    
100    102    Data        0483    0064    
102    100    Ack         0483    0001    
102    100    Data        0483    0008    
100    102    Ack         0483    0001    
102    100    Data        0484    0062    
100    102    Ack         0484    0001    
100    102    Data        0484    0008    
102    100    Ack         0484    0001    
100    102    Data        0485    0064    
102    100    Ack         0485    0001    
102    100    Data        0485    0008    
100    102    Ack         0485    0001    
102    100    Data        0486    0062    
100    102    Ack         0486    0001    
100    102    Data        0486    0008    
102    100    Ack         0486    0001    
100    102    Data        0487    0064    
102    100    Ack         0487    0001    
102    100    Data        0487    0008    
100    102    Ack         0487    0001    
102    100    Data        0488    0062    
100    102    Ack         0488    0001    
100    102    Data        0488    0008    
102    100    Ack         0488    0001    
100    102    Data        0489    0064    
102    100    Ack         0489    0001    
102    100    Data        0489    0008    
100    102    Ack         0489    0001    
102    100    Data        048A    0062    
100    102    Ack         048A    0001    
100    102    Data        048A    0008    
102    100    Ack         048A    0001    
100    102    Data        048B    0064    
102    100    Ack         048B    0001    
102    100    Data        048B    0008    
100    102    Ack         048B    0001    
102    100    Data        048C    0062    
100    102    Ack         048C    0001    
100    102    Data        048C    0008    
102    100    Ack         048C    0001    
100    102    Data        048D    0064    
102    100    Ack         048D    0001    
102    100    Data        048D    0008    
100    102    Ack         048D    0001    
102    100    Data        048E    0062    
100    102    Ack         048E    0001    
100    102    Data        048E    0008    
102    100    Ack         048E    0001    
100    102    Data        048F    0064    
102    100    Ack         048F    0001    
102    100    Data        048F    0008    
100    102    Ack         048F    0001    
102    100    Data        0490    0062    
100    102    Ack         0490    0001    
100    102    Data        0490    0008    
102    100    Ack         0490    0001    
100    102    Data        0491    0064    
102    100    Ack         0491    0001    
102    100    Data        0491    0008    
100    102    Ack         0491    0001    
102    100    Data        0492    0062    
100    102    Ack         0492    0001    
100    102    Data        0492    0008    
102    100    Ack         0492    0001    
100    102    Data        0493    0064    
102    100    Ack         0493    0001    
102    100    Data        0493    0008    
100    102    Ack         0493    0001    
102    100    Data        0494    0062    
100    102    Ack         0494    0001    
100    102    Data        0494    0008    
102    100    Ack         0494    0001    
100    102    Data        0495    0064    
102    100    Ack         0495    0001    
102    100    Data        0495    0008    
100    102    Ack         0495    0001    
102    100    Data        0496    0062    
100    102    Ack         0496    0001    
100    102    Data        0496    0008    
102    100    Ack         0496    0001    
100    102    Data        0497    0064    
102    100    Ack         0497    0001    
102    100    Data        0497    0008    
100    102    Ack         0497    0001    
102    100    Data        0498    0062    
100    102    Ack         0498    0001    
100    102    Data        0498    0008    
102    100    Ack         0498    0001    
100    102    Data        0499    0064    
102    100    Ack         0499    0001    
102    100    Data        0499    0008    
100    102    Ack         0499    0001    
102    100    Data        049A    0062    
100    102    Ack         049A    0001    
100    102    Data        049A    0008    
102    100    Ack         049A    0001    
100    102    Data        049B    0064    
102    100    Ack         049B    0001    
102    100    Data        049B    0008    
100    102    Ack         049B    0001    
102    100    Data        049C    0062    
100    102    Ack         049C    0001    
100    102    Data        049C    0008    
102    100    Ack         049C    0001    
100    102    Data        049D    0064    
102    100    Ack         049D    0001    
102    100    Data        049D    0008    
100    102    Ack         049D    0001    
102    100    Data        049E    0018    
100    102    Ack         049E    0001    
100    102    Data        049E    0008    
102    100    Ack         049E    0001    
100    102    Data        049F    0012    
102    100    Ack         049F    0001    
102    100    Data        049F    0008    
102    100    Data        04A0    0012    
100    102    Ack         049F    0001    
100    102    Ack         04A0    0002    
100    102    Data        04A0    0008    
102    100    Ack         04A0    0001    
100    102    Data        04A1    000A    
102    100    Ack         04A1    0001    
102    100    Data        04A1    0008    
100    102    NetErr      04A1    FFED    step +0 from 04A1   <-- NOT +1

680 datagrams, 2 places where a sender's number did not step by +1

Final number each sender used, per PEER:
   100 -> 102 : 04A1
   100 -> 19999 : 001F
   102 -> 100 : 04A1
   19999 -> 100 : 001F

If a sender's number continues across DIFFERENT peers, the counter is per
MACHINE. If each pair has its own run, it is per PEER. That is the whole
point of running three machines instead of two.
